firstname	lastname	age	team	games	at_bats	runs	hits	doubles	triples	homeruns	RBIs	walks	strikeouts	bat_ave 	on_base_pct  	slugging_pct 	stolen_bases	caught_stealing			xi*yi	xi^2					
Alfonso	Soriano	24	NYY	156	696	128	209	51	2	39	102	23	157	0.3	0.332	0.547	41	13			11.70	1521.00					
Miguel	Tejada	26	OAK	162	662	108	204	30	0	34	131	38	84	0.308	0.354	0.508	7	2			10.47	1156.00					
*Ichiro	Suzuki	28	SEA	157	647	111	208	27	8	8	51	68	62	0.321	0.388	0.425	31	15			2.57	64.00					
Derek	Jeter	28	NYY	157	644	124	191	26	0	18	75	73	114	0.297	0.373	0.421	32	3			5.35	324.00					
*Garret	Anderson	30	ANA	158	638	93	195	56	3	29	123	30	80	0.306	0.332	0.539	6	4			8.87	841.00					
#Carlos	Beltran	25	KCR	162	637	114	174	44	7	29	105	71	135	0.273	0.346	0.501	35	7			7.92	841.00					
Nomar	Garciapa	28	BOS	156	635	101	197	56	5	24	120	41	63	0.31	0.352	0.528	5	2			7.44	576.00					
Shea	Hillenbr	26	BOS	156	634	94	186	43	4	18	83	25	95	0.293	0.33	0.459	4	2			5.27	324.00					
*Darin	Erstad	28	ANA	150	625	99	177	28	4	10	73	27	67	0.283	0.313	0.389	23	3			2.83	100.00					
Alex	Rodrigue	26	TEX	162	624	125	187	27	2	57	142	87	122	0.3	0.392	0.623	9	4			17.10	3249.00					
*Johnny	Damon	28	BOS	154	623	118	178	34	11	14	63	65	70	0.286	0.356	0.443	31	6			4.00	196.00					
#Cristi	Guzman	24	MIN	148	623	80	170	31	6	9	59	17	79	0.273	0.292	0.385	12	13			2.46	81.00					
Tony	Batista	28	BAL	161	615	90	150	36	1	31	87	50	107	0.244	0.309	0.457	5	4			7.56	961.00					
#Bernie	Williams	33	NYY	154	612	102	204	37	2	19	102	83	97	0.333	0.415	0.493	8	4			6.33	361.00					
Bret	Boone	33	SEA	155	608	88	169	34	3	24	107	53	102	0.278	0.339	0.462	12	5			6.67	576.00					
David	Eckstein	27	ANA	152	608	107	178	22	6	8	63	45	44	0.293	0.363	0.388	21	13			2.34	64.00					
Vernon	Wells	23	TOR	159	608	87	167	34	4	23	100	27	85	0.275	0.305	0.457	9	4			6.33	529.00					
#Randy	Winn	28	TBD	152	607	87	181	39	9	14	75	55	109	0.298	0.36	0.461	27	8			4.17	196.00					
Magglio	Ordonez	28	CHW	153	590	116	189	47	1	38	135	53	77	0.32	0.381	0.597	7	5			12.16	1444.00					
*Terren	Long	26	OAK	162	587	71	141	32	4	16	67	48	96	0.24	0.298	0.39	3	6			3.84	256.00					
*Eric	Chavez	24	OAK	153	585	87	161	31	3	34	109	65	119	0.275	0.348	0.513	8	3			9.35	1156.00					
#Omar	Vizquel	35	CLE	151	582	85	160	31	5	14	72	56	64	0.275	0.341	0.418	18	10			3.85	196.00					
*Jacque	Jones	27	MIN	149	577	96	173	37	2	27	85	37	129	0.3	0.341	0.511	6	7			8.10	729.00					
Shannon	Stewart	28	TOR	141	577	103	175	38	6	10	45	54	60	0.303	0.371	0.442	14	2			3.03	100.00					
Mike	Young	25	TEX	156	573	77	150	26	8	9	62	41	112	0.262	0.308	0.382	6	7			2.36	81.00					
Paul	Konerko	26	CHW	151	570	81	173	30	0	27	104	44	72	0.304	0.359	0.498	0	0			8.21	729.00					
Troy	Glaus	25	ANA	156	569	99	142	24	1	30	111	88	144	0.25	0.352	0.453	10	3			7.50	900.00					
Raul	Mondesi	31	TOT	146	569	90	132	34	1	26	88	59	103	0.232	0.308	0.432	15	6			6.03	676.00					
*Eric	Hinske	24	TOR	151	566	99	158	38	2	24	84	77	138	0.279	0.365	0.481	13	1			6.70	576.00					
#Ray	Durham	30	TOT	150	564	114	163	34	6	15	70	73	93	0.289	0.374	0.45	26	7			4.34	225.00					
Torii	Hunter	26	MIN	148	561	89	162	37	4	29	94	35	118	0.289	0.334	0.524	23	8			8.38	841.00					
*Steve	Cox	27	TBD	148	560	65	142	30	1	16	72	60	116	0.254	0.33	0.396	5	0			4.06	256.00					
*Jason	Giambi	31	NYY	155	560	120	176	34	1	41	122	109	112	0.314	0.435	0.598	2	2			12.87	1681.00					
Melvin	Mora	30	BAL	149	557	86	130	30	4	19	64	70	108	0.233	0.338	0.404	16	10			4.43	361.00					
*Robert	Fick	28	DET	148	556	66	150	36	2	17	63	46	90	0.27	0.331	0.433	0	1			4.59	289.00					
#Neifi	Perez	29	KCR	145	554	65	131	20	4	3	37	20	53	0.236	0.26	0.303	8	9			0.71	9.00					
*John	Olerud	33	SEA	154	553	85	166	39	0	22	102	98	66	0.3	0.403	0.49	0	0			6.60	484.00					
Joe	Randa	32	KCR	151	549	63	155	36	5	11	80	46	69	0.282	0.341	0.426	2	1			3.10	121.00					
*Rafael	Palmeiro	37	TEX	155	546	99	149	34	0	43	105	104	94	0.273	0.391	0.571	2	0			11.74	1849.00					
Mike	Cameron	29	SEA	158	545	84	130	26	5	25	80	79	176	0.239	0.34	0.442	31	8			5.98	625.00					
*Trot	Nixon	28	BOS	152	532	81	136	36	3	24	94	65	109	0.256	0.338	0.47	4	2			6.14	576.00					
Frank	Thomas	34	CHW	148	523	77	132	29	1	28	92	88	115	0.252	0.361	0.472	3	0			7.06	784.00					
Ellis	Burks	37	CLE	138	518	92	156	28	0	32	91	44	108	0.301	0.362	0.541	2	3			9.63	1024.00					
#Jorge	Posada	30	NYY	143	511	79	137	40	1	20	99	81	143	0.268	0.37	0.468	1	0			5.36	400.00					
*Carlos	Delgado	30	TOR	143	505	103	140	34	2	33	108	102	126	0.277	0.406	0.549	1	0			9.14	1089.00					
*Raul	Ibanez	30	KCR	137	497	70	146	37	6	24	103	40	76	0.294	0.346	0.537	5	3			7.06	576.00					
*Scott	Hatteber	32	OAK	136	492	58	138	22	4	15	61	68	56	0.28	0.374	0.433	0	0			4.20	225.00					
Carlos	Lee	26	CHW	140	492	82	130	26	2	26	80	75	73	0.264	0.359	0.484	1	4			6.86	676.00					
#Scott	Spiezio	29	ANA	153	491	80	140	34	2	12	82	67	52	0.285	0.371	0.436	6	7			3.42	144.00					
*Jay	Gibbons	25	BAL	136	490	71	121	29	1	28	69	45	66	0.247	0.311	0.482	1	3			6.92	784.00					
*Corey	Koskie	29	MIN	140	490	71	131	37	3	15	69	72	127	0.267	0.368	0.447	10	11			4.01	225.00					
Jermain	Dye	28	OAK	131	488	74	123	27	1	24	86	52	108	0.252	0.333	0.459	2	0			6.05	576.00					
Jeff	Cirillo	32	SEA	146	485	51	121	20	0	6	54	31	67	0.249	0.301	0.328	8	4			1.49	36.00					
Tim	Salmon	33	ANA	138	483	84	138	37	1	22	88	71	102	0.286	0.38	0.503	6	3			6.29	484.00					
*Ben	Grieve	26	TBD	136	482	62	121	30	0	19	64	69	121	0.251	0.353	0.432	8	2			4.77	361.00					
*Randal	Simon	27	DET	130	482	51	145	17	1	19	82	13	30	0.301	0.32	0.459	0	1			5.72	361.00					
*Jim	Thome	31	CLE	147	480	101	146	19	2	52	118	122	139	0.304	0.445	0.677	1	2			15.81	2704.00					
#Carlos	Guillen	26	SEA	134	475	73	124	24	6	9	56	46	91	0.261	0.326	0.394	4	5			2.35	81.00					
*Michae	Tucker	31	KCR	144	475	65	118	27	6	12	56	56	105	0.248	0.33	0.406	23	9			2.98	144.00					
#Jose	Valentin	32	CHW	135	474	70	118	26	4	25	75	43	99	0.249	0.311	0.479	3	3			6.23	625.00					
*Adam	Kennedy	26	ANA	144	474	65	148	32	6	7	52	19	80	0.312	0.345	0.449	17	4			2.18	49.00					
Mike	Sweeney	28	KCR	126	471	81	160	31	1	24	86	61	46	0.34	0.417	0.563	9	7			8.16	576.00					
*Doug	Mientkie	28	MIN	143	467	60	122	29	1	10	64	74	69	0.261	0.365	0.392	1	2			2.61	100.00					
#Jason	Varitek	30	BOS	132	467	58	124	27	1	10	61	41	95	0.266	0.332	0.392	4	3			2.66	100.00					
#Jose	Cruz	28	TOR	124	466	64	114	26	5	18	70	51	106	0.245	0.317	0.438	7	1			4.41	324.00					
*Chris	Singleto	29	BAL	136	466	67	122	30	6	9	50	21	83	0.262	0.296	0.41	20	2			2.36	81.00					
*Robin	Ventura	34	NYY	141	465	68	115	17	0	27	93	90	101	0.247	0.368	0.458	3	1			6.67	729.00					
Brent	Abernath	24	TBD	117	463	46	112	18	4	2	40	25	46	0.242	0.288	0.311	10	4			0.48	4.00					
Chris	Gomez	31	TBD	130	461	51	122	31	3	10	46	21	58	0.265	0.305	0.41	1	3			2.65	100.00					
Marty	Cordova	32	BAL	131	458	55	116	25	2	18	64	47	111	0.253	0.325	0.434	1	6			4.55	324.00					
Rondell	White	30	NYY	126	455	59	109	21	0	14	62	25	86	0.24	0.288	0.378	1	2			3.36	196.00					
*Aubrey	Huff	25	TBD	113	454	67	142	25	0	23	59	37	55	0.313	0.364	0.52	4	1			7.20	529.00					
Jeff	Conine	36	BAL	116	451	44	123	26	4	15	63	25	66	0.273	0.307	0.448	8	0			4.10	225.00					
Herb	Perry	32	TEX	132	450	64	124	24	1	22	77	34	66	0.276	0.333	0.48	4	2			6.07	484.00					
*Brian	Daubach	30	BOS	137	444	62	118	24	2	20	78	51	126	0.266	0.348	0.464	2	1			5.32	400.00					
*Bobby	Higginso	31	DET	119	444	50	125	24	3	10	63	41	45	0.282	0.345	0.417	12	5			2.82	100.00					
*A.J.	Pierzyns	25	MIN	130	440	54	132	31	6	6	49	13	61	0.3	0.334	0.439	1	2			1.80	36.00					
Manny	Ramirez	30	BOS	120	436	84	152	31	0	33	107	73	85	0.349	0.45	0.647	0	0			11.52	1089.00					
*Brad	Fullmer	27	ANA	130	429	75	124	35	6	19	59	32	44	0.289	0.357	0.531	10	3			5.49	361.00					
Ben	Molina	27	ANA	122	428	34	105	18	0	5	47	15	34	0.245	0.274	0.322	0	0			1.23	25.00					
Jerry	Hairston	26	BAL	122	426	55	114	25	3	5	32	34	55	0.268	0.329	0.376	21	6			1.34	25.00					
Geronim	Gil	26	BAL	125	422	33	98	19	0	12	45	21	88	0.232	0.27	0.363	2	2			2.78	144.00					
#Ruben	Sierra	36	SEA	122	419	47	113	23	0	13	60	31	66	0.27	0.319	0.418	4	0			3.51	169.00					
*Matt	Lawton	30	CLE	114	416	71	98	19	2	15	57	59	34	0.236	0.342	0.399	8	9			3.54	225.00					
*David	Ortiz	26	MIN	125	412	52	112	32	1	20	75	43	87	0.272	0.339	0.5	1	2			5.44	400.00					
Shane	Halter	32	DET	122	410	46	98	22	6	10	39	39	92	0.239	0.309	0.395	0	4			2.39	100.00					
Ivan	Rodrigue	30	TEX	108	408	67	128	32	2	19	60	25	71	0.314	0.353	0.542	5	4			5.97	361.00					
Ramon	Hernande	26	OAK	136	403	51	94	20	0	7	42	43	64	0.233	0.313	0.335	0	0			1.63	49.00					
*David	Justice	36	OAK	118	398	54	106	18	3	11	49	70	66	0.266	0.376	0.41	4	1			2.93	121.00					
Travis	Fryman	33	CLE	118	397	42	86	14	3	11	55	40	82	0.217	0.292	0.35	0	0			2.39	121.00					
*Carlos	Pena	24	TOT	115	397	43	96	17	4	19	52	41	111	0.242	0.316	0.448	2	2			4.60	361.00					
Dustan	Mohr	26	MIN	120	383	55	103	23	2	12	45	31	86	0.269	0.325	0.433	6	3			3.23	144.00					
*Nick	Johnson	23	NYY	129	378	56	92	15	0	15	58	48	98	0.243	0.347	0.402	1	3			3.65	225.00					
Dave	Berg	31	TOR	109	374	42	101	26	2	4	39	26	57	0.27	0.322	0.382	0	2			1.08	16.00					
#Carl	Everett	31	TEX	105	374	47	100	16	0	16	62	33	77	0.267	0.333	0.439	2	3			4.27	256.00					
Mike	Bordick	36	BAL	117	367	37	85	19	3	8	36	35	63	0.232	0.302	0.365	7	4			1.86	64.00					
Kevin	Mench	24	TEX	110	366	52	95	20	2	15	60	31	83	0.26	0.327	0.448	1	1			3.90	225.00					
Dan	Wilson	33	SEA	115	359	35	106	16	1	6	44	18	81	0.295	0.326	0.396	1	0			1.77	36.00					
Jared	Sandberg	24	TBD	102	358	55	82	21	1	18	54	39	139	0.229	0.305	0.444	3	2			4.12	324.00					
Rey	Sanchez	34	BOS	107	357	46	102	12	3	1	38	17	31	0.286	0.318	0.345	2	2			0.29	1.00					
Ricky	Gutierre	32	CLE	94	353	38	97	13	0	4	38	20	48	0.275	0.325	0.346	0	1			1.10	16.00					
*Kenny	Lofton	35	CHW	93	352	68	91	20	6	8	42	49	51	0.259	0.348	0.418	22	8			2.07	64.00					
Carlos	Febles	26	KCR	119	351	44	86	16	4	4	26	41	63	0.245	0.336	0.348	16	5			0.98	16.00					
Wendell	Magee	29	DET	97	347	34	94	19	1	6	35	10	64	0.271	0.289	0.383	2	4			1.63	36.00					
Mark	Ellis	25	OAK	98	345	58	94	16	4	6	35	44	54	0.272	0.359	0.394	4	2			1.63	36.00					
#Gary	Matthews	27	BAL	109	344	54	95	25	3	7	38	43	69	0.276	0.355	0.427	15	5			1.93	49.00					
Royce	Clayton	32	CHW	112	342	51	86	14	2	7	35	20	67	0.251	0.295	0.365	5	1			1.76	49.00					
#Mark	McLemore	37	SEA	104	337	54	91	17	2	7	41	61	63	0.27	0.38	0.395	18	10			1.89	49.00					
Toby	Hall	26	TBD	85	330	37	85	19	1	6	42	17	27	0.258	0.293	0.376	0	1			1.55	36.00					
#Desi	Relaford	28	SEA	112	329	55	88	13	2	6	43	33	51	0.267	0.339	0.374	10	3			1.60	36.00					
Edgar	Martinez	39	SEA	97	328	42	91	23	0	15	59	67	69	0.277	0.403	0.485	1	1			4.16	225.00					
*Brent	Mayne	34	KCR	101	326	35	77	8	2	4	30	34	54	0.236	0.309	0.31	4	4			0.94	16.00					
#Milton	Bradley	24	CLE	98	325	48	81	18	3	9	38	32	58	0.249	0.317	0.406	6	3			2.24	81.00					
Brandon	Inge	25	DET	95	321	27	65	15	3	7	24	24	101	0.202	0.266	0.333	1	3			1.41	49.00					
Einar	Diaz	29	CLE	102	320	34	66	19	0	2	16	17	27	0.206	0.258	0.284	0	1			0.41	4.00					
Luis	Rivas	22	MIN	93	316	46	81	23	4	4	35	19	51	0.256	0.305	0.392	9	4			1.02	16.00					
*Mike	Lamb	26	TEX	115	314	54	89	13	0	9	33	33	48	0.283	0.354	0.411	0	0			2.55	81.00					
Chris	Woodward	26	TOR	90	312	48	86	13	4	13	45	26	72	0.276	0.33	0.468	3	0			3.59	169.00					
Damion	Easley	32	DET	85	304	29	68	14	1	8	30	27	43	0.224	0.307	0.355	1	3			1.79	64.00					
Aaron	Rowand	24	CHW	126	302	41	78	16	2	7	29	12	54	0.258	0.298	0.394	0	1			1.81	49.00					
Chuck	Knoblauc	33	KCR	80	300	41	63	9	0	6	22	28	32	0.21	0.284	0.3	19	3			1.26	36.00					
#Bobby	Kielty	25	MIN	112	289	49	84	14	3	12	46	52	66	0.291	0.405	0.484	4	1			3.49	144.00					
Shane	Spencer	30	NYY	94	288	32	71	15	2	6	34	31	62	0.247	0.324	0.375	0	3			1.48	36.00					
#Jose	Offerman	33	TOT	101	284	48	66	12	1	5	31	37	38	0.232	0.32	0.335	9	6			1.16	25.00					
#Felipe	Lopez	22	TOR	85	282	35	64	15	3	8	34	23	90	0.227	0.287	0.387	5	4			1.82	64.00					
John	Flaherty	34	TBD	76	281	27	73	20	0	4	33	15	50	0.26	0.296	0.374	2	2			1.04	16.00					
Juan	Gonzalez	32	TEX	70	277	38	78	21	1	8	35	17	56	0.282	0.324	0.451	2	0			2.26	64.00					
Chris	Truby	28	DET	89	277	23	55	13	2	2	15	5	71	0.199	0.215	0.282	1	1			0.40	4.00					
#Tony	Clark	30	BOS	90	275	25	57	12	1	3	29	21	57	0.207	0.265	0.291	0	0			0.62	9.00					
Ken	Huckaby	31	TOR	88	273	29	67	6	1	3	22	9	44	0.245	0.27	0.308	0	0			0.74	9.00					
Josh	Phelps	24	TOR	74	265	41	82	20	1	15	58	19	82	0.309	0.362	0.562	0	0			4.64	225.00					
Tom	Wilson	31	TOR	96	265	33	68	10	0	8	37	28	79	0.257	0.334	0.385	0	0			2.06	64.00					
John	McDonald	27	CLE	93	264	35	66	11	3	1	12	10	50	0.25	0.288	0.326	3	0			0.25	1.00					
*Mark	Johnson	26	CHW	86	263	31	55	8	1	4	18	30	52	0.209	0.297	0.293	0	0			0.84	16.00					
*Orland	Palmeiro	33	ANA	110	263	35	79	12	1	0	31	30	22	0.3	0.368	0.354	7	2			0.00	0.00					
#Dennis	Hocking	32	MIN	102	260	28	65	13	0	2	25	24	44	0.25	0.31	0.323	0	2			0.50	4.00					
*Carl	Crawford	20	TBD	63	259	23	67	11	6	2	30	9	41	0.259	0.29	0.371	9	5			0.52	4.00					
#Chris	Magruder	25	CLE	87	258	34	56	15	1	6	29	15	55	0.217	0.261	0.353	2	0			1.30	36.00					
Craig	Paquette	33	DET	72	252	20	49	14	1	4	20	10	53	0.194	0.223	0.306	1	0			0.78	16.00					
Greg	Vaughn	36	TBD	69	251	28	41	10	2	8	29	41	82	0.163	0.286	0.315	3	2			1.30	64.00					
Damian	Jackson	28	DET	81	245	31	63	20	1	1	25	21	36	0.257	0.32	0.359	12	3			0.26	1.00					
*George	Lombard	26	DET	72	241	34	58	11	3	5	13	20	78	0.241	0.3	0.373	13	2			1.21	25.00					
*Aaron	Guiel	29	KCR	70	240	30	56	13	0	4	38	19	61	0.233	0.296	0.337	1	5			0.93	16.00					
#Luis	Alicea	36	KCR	94	237	28	54	8	2	1	23	32	34	0.228	0.322	0.291	2	3			0.23	1.00					
Tony	Graffani	30	CHW	70	229	35	60	12	4	6	31	22	38	0.262	0.329	0.428	2	1			1.57	36.00					
#Ben	Davis	25	SEA	80	228	24	59	10	1	7	43	18	58	0.259	0.313	0.404	1	1			1.81	49.00					
*Jason	Conti	27	TBD	78	222	26	57	15	2	3	21	18	55	0.257	0.315	0.383	4	2			0.77	9.00					
#Ramon	Santiago	22	DET	65	222	33	54	5	5	4	20	13	48	0.243	0.306	0.365	8	5			0.97	16.00					
*John	VanderWal	36	NYY	84	219	30	57	17	1	6	20	23	58	0.26	0.327	0.429	1	1			1.56	36.00					
*Frank	Catalano	28	TEX	68	212	42	57	16	6	3	23	25	27	0.269	0.364	0.443	9	5			0.81	9.00					
*Jeff	Liefer	27	CHW	76	204	28	47	8	0	7	26	19	60	0.23	0.295	0.373	0	0			1.61	49.00					
*Karim	Garcia	26	TOT	53	202	30	60	8	0	16	52	6	41	0.297	0.314	0.574	0	3			4.75	256.00					
#Dmitri	Young	28	DET	54	201	25	57	14	0	7	27	12	39	0.284	0.329	0.458	2	0			1.99	49.00					
Joe	Crede	24	CHW	53	200	28	57	10	0	12	35	8	40	0.285	0.311	0.515	0	2			3.42	144.00					
*Rusty	Greer	33	TEX	51	199	24	59	9	2	1	17	19	17	0.296	0.356	0.377	1	0			0.30	1.00					
A.J.	Hinch	28	KCR	72	197	25	49	7	1	7	27	18	35	0.249	0.321	0.401	3	3			1.74	49.00					
Gabe	Kapler	26	TEX	72	196	25	51	12	1	0	17	8	30	0.26	0.285	0.332	5	2			0.00	0.00					
Lou	Merloni	31	BOS	84	194	28	48	12	2	4	18	20	35	0.247	0.332	0.392	1	2			0.99	16.00					
*John	Mabry	31	OAK	89	193	27	53	13	1	11	40	14	37	0.275	0.322	0.523	1	1			3.03	121.00					
#Orland	Hudson	24	TOR	54	192	20	53	10	5	4	23	11	27	0.276	0.319	0.443	0	1			1.10	16.00					
#Carlos	Baerga	33	BOS	73	182	17	52	11	0	2	19	7	20	0.286	0.316	0.379	6	0			0.57	4.00					
Matt	LeCroy	26	MIN	63	181	19	47	11	1	7	27	13	38	0.26	0.306	0.448	0	2			1.82	49.00					
Bill	Haselman	36	TEX	69	179	16	44	7	0	3	18	11	25	0.246	0.297	0.335	0	0			0.74	9.00					
Rickey	Henderso	43	BOS	72	179	40	40	6	1	5	16	38	47	0.223	0.369	0.352	8	2			1.12	25.00					
*Cliff	Floyd	29	BOS	47	171	30	54	21	0	7	18	15	28	0.316	0.374	0.561	4	0			2.21	49.00					
*Jason	Tyner	25	TBD	44	168	17	36	2	1	0	9	7	19	0.214	0.249	0.238	7	1			0.00	0.00					
Sandy	Alomar	36	CHW	51	167	21	48	10	1	7	25	5	14	0.287	0.309	0.485	0	0			2.01	49.00					
*Willie	Harris	24	CHW	49	163	14	38	4	0	2	12	9	21	0.233	0.27	0.294	8	0			0.47	4.00					
*Russ	Branyan	26	CLE	50	161	16	33	4	0	8	17	17	65	0.205	0.278	0.379	1	2			1.64	64.00					
*Bill	Selby	32	CLE	65	159	15	34	7	2	6	21	15	27	0.214	0.278	0.396	0	1			1.28	36.00					
Ruben	Rivera	28	TEX	69	158	17	33	4	0	4	14	17	45	0.209	0.302	0.31	4	2			0.84	16.00					
Felix	Escalona	23	TBD	59	157	17	34	8	2	0	9	3	44	0.217	0.262	0.293	7	2			0.00	0.00					
*Jeremy	Giambi	27	OAK	42	157	26	43	7	0	8	17	27	40	0.274	0.39	0.471	0	0			2.19	64.00					
Olmedo	Saenz	31	OAK	68	156	15	43	10	1	6	18	13	31	0.276	0.354	0.468	1	1			1.66	36.00					
*Chris	Richard	28	BAL	50	155	15	36	11	0	4	21	12	30	0.232	0.292	0.381	0	3			0.93	16.00					
*Lee	Stevens	34	CLE	53	153	22	34	7	1	5	26	15	32	0.222	0.285	0.379	0	0			1.11	25.00					
Doug	Mirabell	31	BOS	57	151	17	34	7	0	7	25	17	33	0.225	0.312	0.411	0	0			1.58	49.00					
Joe	Lawrence	25	TOR	55	150	16	27	4	0	2	15	16	38	0.18	0.262	0.247	2	1			0.36	4.00					
Andy	Sheets	30	TBD	41	149	18	37	4	0	4	22	12	41	0.248	0.301	0.356	2	3			0.99	16.00					
Ron	Coomer	35	NYY	55	148	14	39	7	0	3	17	6	23	0.264	0.29	0.372	0	0			0.79	9.00					
*Hank	Blalock	21	TEX	49	147	16	31	8	0	3	17	20	43	0.211	0.306	0.327	0	0			0.63	9.00					
*Greg	Myers	36	OAK	65	144	15	32	5	0	6	21	26	36	0.222	0.341	0.382	0	0			1.33	36.00					
Adam	Piatt	26	OAK	55	137	18	32	8	0	5	18	12	33	0.234	0.303	0.401	2	1			1.17	25.00					
Brian	Buchanan	28	MIN	44	135	19	34	5	1	5	15	6	33	0.252	0.294	0.415	2	1			1.26	25.00					
Brandon	Berger	27	KCR	51	134	16	27	5	1	6	17	8	32	0.201	0.255	0.388	1	0			1.21	36.00					
Randy	Velarde	39	OAK	56	133	22	30	8	0	2	8	15	32	0.226	0.325	0.331	3	0			0.45	4.00					
*Todd	Hollands	29	TEX	39	132	16	34	6	0	5	19	14	27	0.258	0.327	0.417	1	0			1.29	25.00					
Mike	Rivera	25	DET	39	132	11	30	8	1	1	11	4	35	0.227	0.254	0.326	0	0			0.23	1.00					
Frank	Menechin	31	OAK	38	132	22	27	7	0	3	15	20	32	0.205	0.312	0.326	0	0			0.62	9.00					
Brook	Fordyce	32	BAL	56	130	7	30	8	0	1	8	9	19	0.231	0.301	0.315	1	0			0.23	1.00					
Benji	Gil	29	ANA	61	130	11	37	8	1	3	20	5	33	0.285	0.307	0.431	2	1			0.86	9.00					
#Brian	Roberts	24	BAL	38	128	18	29	6	0	1	11	15	21	0.227	0.308	0.297	9	2			0.23	1.00					
#Coco	Crisp	22	CLE	32	127	16	33	9	2	1	9	11	19	0.26	0.314	0.386	4	1			0.26	1.00					
*Darrin	Fletcher	35	TOR	45	127	8	28	6	0	3	22	4	13	0.22	0.239	0.339	0	0			0.66	9.00					
Tom	Prince	37	MIN	51	125	14	28	7	1	4	16	14	26	0.224	0.317	0.392	1	3			0.90	16.00					
Eddie	Perez	34	CLE	42	117	6	25	9	0	0	4	5	25	0.214	0.252	0.291	0	0			0.00	0.00					
Shawn	Wooten	29	ANA	49	113	13	33	8	0	3	19	6	24	0.292	0.331	0.442	2	0			0.88	9.00					
*Ben	Broussar	25	CLE	39	112	10	27	4	0	4	9	7	25	0.241	0.292	0.384	0	0			0.96	16.00					
Jay	Canizaro	28	MIN	38	112	14	24	8	1	0	11	10	22	0.214	0.28	0.304	0	1			0.00	0.00					
Mike	Cuddyer	23	MIN	41	112	12	29	7	0	4	13	8	30	0.259	0.311	0.429	2	0			1.04	16.00					
Todd	Greene	31	TEX	42	112	15	30	5	0	10	19	2	23	0.268	0.282	0.58	0	0			2.68	100.00					
*Dewayn	Wise	24	TOR	42	112	14	20	4	1	3	13	4	15	0.179	0.207	0.312	5	0			0.54	9.00					
Russ	Johnson	29	TBD	45	111	15	24	5	0	1	12	16	22	0.216	0.32	0.288	5	2			0.22	1.00					
#Luis	Lopez	31	BAL	52	109	10	23	6	0	2	9	3	20	0.211	0.232	0.321	1	0			0.42	4.00					
#D'Ange	Jimenez	24	CHW	27	108	22	31	4	3	1	11	16	10	0.287	0.384	0.407	2	1			0.29	1.00					
#Jose	Macias	30	DET	33	107	10	25	4	0	0	6	8	13	0.234	0.291	0.271	3	2			0.00	0.00					
#Enriqu	Wilson	28	NYY	60	105	17	19	2	2	2	11	8	22	0.181	0.239	0.295	1	1			0.36	4.00					
Josh	Paul	27	CHW	33	104	11	25	4	0	0	11	9	22	0.24	0.302	0.279	2	0			0.00	0.00					
Hiram	Bocachic	26	DET	34	103	14	23	4	0	4	8	5	22	0.223	0.259	0.379	2	2			0.89	16.00					
										2416	10023	7004	13292	54.048							658.513	50402	b1	0.00150081			tt=
																							s_b1	0.005502474			
																							tt=	-2458.621338			
